grid
1487	796
1	120.595572667890266	14.555667931488937	-8.9054635
2	120.595589280535336	14.554156539427458	-6.4165792
3	120.596526986694514	14.554999357288056	-9.9156387
4	120.595556053355452	14.557179323336987	-9.7358230
5	120.595539436930821	14.558690714971590	-9.6987563
6	120.596716518569593	14.556497511114321	-11.7063056
7	120.596405231019716	14.559486600093496	-11.4417994
8	120.596754880152247	14.553554769590400	-9.7439604
9	120.595605891290703	14.552645147152610	-7.1451301
10	120.597789118848510	14.555076054785051	-7.3988778
11	120.597979126802272	14.553073925888778	-10.6078287
12	120.597184162018877	14.558179279089785	-11.7562826
13	120.597998309241774	14.556970358751379	-7.6153543
14	120.597956975206387	14.559502543210348	-7.0370192
15	120.596791240173147	14.551887594741988	-3.1686578
16	120.595622500156466	14.551133754664384	-14.1445919
17	120.597912729919841	14.551081830616488	-9.4729706
18	120.599508721277829	14.559518476054178	-7.9868314
19	120.598924238485125	14.556381954479152	-9.9334410
20	120.599080119726622	14.550023487776825	-5.8631650
21	120.599041103273521	14.554789179456513	-7.7904882
22	120.599032277590595	14.551608462471956	-9.8824885
23	120.599028154192425	14.553197144541398	-10.7544991
24	120.599420366930573	14.557894176242071	-8.3931979
25	120.596764945575927	14.550090433935242	-11.5569757
26	120.595639107132655	14.549622361962816	-13.9181596
27	120.597942113824828	14.549299668014145	-7.1005539
28	120.600398544309883	14.549347413160493	-5.0570608
29	120.599311630111515	14.548590358617046	-5.8203609
30	120.595655712219340	14.548110969047908	-11.9755438
31	120.601051419710316	14.559414017739037	-4.6775578
32	120.600250596621663	14.556162734829845	-5.2192797
33	120.600439012338768	14.550905018730173	-6.8934425
34	120.600503666642680	14.554342971133083	-7.3467401
35	120.600534930974121	14.552605772172063	-8.4953000
36	120.601229300077662	14.557751716063478	-3.6498491
37	120.601726618001166	14.549770993831295	-3.0878377
38	120.601216522782309	14.547992591451179	-3.8892173
39	120.596758955320837	14.548172243679037	-9.1524696
40	120.598291248890362	14.547696300397908	-6.5938370
41	120.600125615052278	14.547938828277795	-4.1762286
42	120.595672315416579	14.546599575919691	-20.0658332
43	120.602608784180518	14.559308555818625	-0.4930851
44	120.601778167279164	14.555820085805633	-3.9695698
45	120.602057220449325	14.551582130970267	-4.6916903
46	120.602194604945822	14.553724829735508	-5.0256928
47	120.602926588730085	14.557620419408995	-0.5333222
48	120.602106509119778	14.546727041597503	-3.5965662
49	120.602628776032134	14.548278776975415	-2.0032815
50	120.603427004323279	14.549691084469595	-0.1625177
51	120.604864230999297	14.550186985537264	1.8835521
52	120.603606645109807	14.546108578884546	-2.1647826
53	120.600126310418318	14.546402693696674	-7.3911822
54	120.597029048500147	14.546355579903109	-17.2505415
55	120.598698572017042	14.546315891594968	-15.6271078
56	120.595688916724441	14.545088182578183	-26.8305383
57	120.602876016764256	14.545234650450606	-3.5902068
58	120.601283960707832	14.545523906380485	-14.0775331
59	120.604314147947790	14.559193059497026	3.1136308
60	120.603499897404291	14.555694282089805	-1.1843933
61	120.603856312454937	14.551951739653742	-1.7734213
62	120.604155042412728	14.553801297591232	-1.6702737
63	120.604832262255059	14.557329062118324	2.4219638
64	120.604104949131383	14.547416182028705	-0.7517564
65	120.605061422468538	14.545598363380083	0.5884128
66	120.606090357207506	14.551219655074481	3.3126029
67	120.605454632604591	14.548355944885804	1.4634136
68	120.606772179728083	14.549540871691898	3.7915839
69	120.603995692919270	14.544604599046645	-1.7754439
70	120.602775334789058	14.543937590877787	-3.7119262
71	120.605217417370909	14.543743260876372	-1.6243473
72	120.599540319509828	14.544965060161868	-20.8915000
73	120.597342882823455	14.544702641212632	-21.3585450
74	120.595705516142985	14.543576789023403	-33.7105729
75	120.601342759490876	14.544114914155529	-5.9279106
76	120.606337886714869	14.558947156180214	6.3051931
77	120.605738232312717	14.555141356935442	2.1103099
78	120.606285793014820	14.552872502753496	1.6496765
79	120.607070697581420	14.556710414877225	5.6617627
80	120.606590132804357	14.542515636274345	-1.7881995
81	120.606344879862945	14.546588022427107	2.6099160
82	120.606728423316852	14.544547583814245	1.4962806
83	120.608432529830182	14.550872999853585	6.6256781
84	120.608047221680010	14.547976841782351	5.3195078
85	120.607671288550677	14.540947281892393	-2.8382784
86	120.609211688631248	14.541290077643470	-0.3876151
87	120.603757369675378	14.543048507068434	-4.5134849
88	120.602276009811291	14.542617065688104	-3.1688231
89	120.604807633238536	14.541951710961653	-4.8801145
90	120.607169391891659	14.538981003606446	-6.4767464
91	120.605861103244337	14.540527498664584	-5.7440985
92	120.599787897487275	14.543421061132120	-17.8750813
93	120.598382517791180	14.543539009411173	-19.4916370
94	120.597073699673658	14.542698010801157	-15.1546392
95	120.595722113672281	14.542065395255372	-32.5028428
96	120.600685020731063	14.542422411538645	-17.9877534
97	120.608738915683375	14.558544251254409	9.9986743
98	120.608464879072528	14.553961969916134	5.7000945
99	120.609527816425484	14.556184917609603	9.3467712
100	120.610570510382487	14.551989608062506	9.9040914
101	120.608597848142892	14.543336875721510	1.9793028
102	120.608485002088187	14.545483410290931	4.9553662
103	120.610593090290791	14.549063123236220	9.0029641
104	120.610188888526238	14.546656071392402	7.5864933
105	120.610613152072759	14.542412686842139	3.0834983
106	120.609212970819755	14.539226160632163	-2.9559374
107	120.610908128037664	14.540310005917311	1.2225233
108	120.608946815196802	14.537425258070883	-5.0090330
109	120.603107937130304	14.541543198519012	-5.9267279
110	120.601487554476620	14.541279447800541	-3.7117218
111	120.603988212422749	14.540296198893728	-8.4396654
112	120.606385453308292	14.537551081982219	-9.6464804
113	120.605041090371316	14.538908981129538	-9.2477368
114	120.595738709312371	14.540554001274110	-35.9445879
115	120.595755303063314	14.539042607079649	-15.8600544
116	120.598764451272359	14.541713848081443	-16.1554559
117	120.597273025747583	14.540849107083641	-30.9988919
118	120.600005716903880	14.540959012473515	-14.4228378
119	120.611588315084802	14.557947560570975	13.5716781
120	120.612112635588744	14.554472906144010	12.2523231
121	120.613155658233680	14.550616283599130	12.8816557
122	120.611481271393700	14.544400890500990	7.2133321
123	120.613052454195923	14.546963550819884	11.3893275
124	120.612948342466510	14.541532898591157	6.1816138
125	120.611698592838621	14.538314451608812	1.0284641
126	120.610755377035247	14.536093129934095	-2.6161258
127	120.611890610352276	14.534478837448304	-3.1046824
128	120.609085024606728	14.535273545479626	-6.4480420
129	120.607678580851100	14.536329049200550	-8.3796330
130	120.610264997829461	14.533813973033041	-4.2597263
131	120.606387374620795	14.535693219704090	-11.3523930
132	120.602242639840128	14.540051902086764	-9.3675287
133	120.600872411053530	14.540100116272969	-4.5995263
134	120.602983526392919	14.538866747358377	-8.6409189
135	120.605332641772790	14.536664923663286	-12.3196733
136	120.604162441580172	14.537730418927703	-10.8564119
137	120.597056670393229	14.539123271624740	-8.1790509
138	120.595771894925193	14.537531212671997	-14.4123385
139	120.598951098655661	14.539439280611369	-5.8221231
140	120.614929626920684	14.556962846210190	16.6108922
141	120.615575384154781	14.552883664068974	16.4287757
142	120.615959996848389	14.548353897109466	15.0907360
143	120.615214991361015	14.543909798590908	12.0443597
144	120.614742114345134	14.539517081565052	7.8937720
145	120.613394325266725	14.536478683226179	2.7679665
146	120.611845444738464	14.532352703148282	-2.9109832
147	120.613865600590998	14.533938492589487	-0.4909662
148	120.608812257129358	14.533454202916300	-8.6256707
149	120.607597353208035	14.534714029737856	-9.7353335
150	120.608557660427010	14.531986413447230	-6.0819137
151	120.609973151780608	14.531891571243449	-4.0232754
152	120.606097513711703	14.534053433704774	-7.9701727
153	120.605118669050000	14.535201231959347	-12.4191127
154	120.600890496453331	14.538624431154478	-2.7315191
155	120.602169380250174	14.537785833277990	-16.5508172
156	120.604285843725819	14.536241207925052	-12.7211472
157	120.603112920696958	14.536792464173413	-8.3810502
158	120.595788484898065	14.536019818051182	-25.8088141
159	120.597461550622683	14.537500210421072	-9.1396725
160	120.599565879277947	14.537673152632360	-4.3821710
161	120.595805072981989	14.534508423217215	-43.7589872
162	120.595821659177020	14.532997028170136	-48.8308778
163	120.611255735032984	14.530360439644111	-2.3609835
164	120.618807071554215	14.555496671134346	19.2512866
165	120.619203140808594	14.550698302647039	18.5399277
166	120.618869611003447	14.545619792778016	16.5547263
167	120.617944654299237	14.540987309619807	11.8771749
168	120.616524057099610	14.536720386434448	8.0190708
169	120.615873642377863	14.533372703912267	5.1050592
170	120.613774760893975	14.530955116021889	-2.3904436
171	120.607477302125076	14.533463459869395	-6.8798392
172	120.607380674488269	14.531885034511481	-6.3668581
173	120.607996284033788	14.530791067016059	-6.3147246
174	120.609292181412457	14.530215798043949	-4.8993000
175	120.610286142023085	14.528652372419662	-4.9322826
176	120.605650527947191	14.533253461063216	-15.3127495
177	120.604325647956728	14.534344078205811	-15.6975894
178	120.601366316384770	14.536659051212366	-25.4072655
179	120.602794816861064	14.535398766831436	-16.3112691
180	120.597208234682242	14.535421697693536	-35.0677932
181	120.598524502087841	14.536177287882678	-25.6285487
182	120.600007192471097	14.535846636039404	-29.8838276
183	120.595838243483215	14.531485632909947	-41.9299098
184	120.597249152480614	14.533727874108246	-38.7111569
185	120.596966070496066	14.532170401155438	-40.3421161
186	120.612240335883001	14.528608649105403	-2.5022304
187	120.623380760192987	14.553553006640959	22.1961220
188	120.623093657380537	14.547880177068844	20.6536273
189	120.622164444276933	14.542533660691493	17.8281462
190	120.620575660036749	14.537968002694777	14.0053841
191	120.619065184963887	14.534221584185920	9.8782920
192	120.617253596871791	14.531221504472482	5.6361844
193	120.614238288207019	14.528039955445706	-0.5656108
194	120.615940628136485	14.529267593776339	2.8300071
195	120.606122323201717	14.532059814108315	-6.2368716
196	120.606700651569597	14.530734788466443	-11.9952908
197	120.610957731225000	14.526881705698875	-5.2640594
198	120.607637102394321	14.529674831344549	-7.9014685
199	120.609342473757877	14.527264417891109	-7.2659250
200	120.608682586581580	14.528753591070922	-6.8725054
201	120.604421581392302	14.532439724643332	-33.1239881
202	120.602892968518063	14.533695479453028	-23.1982373
203	120.601082842429292	14.534418060275211	-28.6286586
204	120.599017583855115	14.534122725913672	-32.0698429
205	120.595854825900645	14.529974237436669	-46.1160618
206	120.595871406429382	14.528462841750335	-47.4798301
207	120.597193194412071	14.530575306686094	-46.0981717
208	120.598427836350965	14.532166492107574	-34.0501325
209	120.612835350457829	14.526335475352848	-4.0213169
210	120.628261720742827	14.550398687904806	23.9661160
211	120.627201892639945	14.544340408560673	22.1169995
212	120.625434707634952	14.538968359278398	19.1825795
213	120.623321018543763	14.534559037181312	16.2344523
214	120.621031040222420	14.531030910867683	11.5287178
215	120.618931880686020	14.528384276402885	7.3293701
216	120.615025445306955	14.525459430204394	-0.4964709
217	120.616906587551895	14.526644653547640	3.8343482
218	120.606086587013749	14.529395951244171	-8.0619367
219	120.605199400619426	14.530567722703724	-23.2725531
220	120.611389376195831	14.524997856935981	-7.0816525
221	120.609636106621707	14.525609431550384	-8.1206497
222	120.608261052675033	14.526211027827229	-7.6443877
223	120.606988475711290	14.528678562944179	-12.7899994
224	120.607936703242103	14.527758362434472	-9.8964595
225	120.603742183252749	14.530684030902645	-28.9212239
226	120.602922037877178	14.531782148112640	-31.2675056
227	120.601659746776392	14.532405354669169	-30.5540336
228	120.600189949339338	14.531923582215281	-35.9482113
229	120.595887985069467	14.526951445850951	-55.1082438
230	120.597173150022229	14.528654621399101	-45.0327303
231	120.598697224145923	14.530145580092679	-34.8972534
232	120.613351112201030	14.524124245561568	-4.4987191
233	120.615509492740983	14.522969245328122	-0.8533034
234	120.633501727764809	14.546330527859691	25.5758086
235	120.631351004756326	14.540057376036756	23.6859560
236	120.628673563262140	14.534775094465619	20.2034435
237	120.625706143348751	14.530621286527472	16.7535879
238	120.622812710662359	14.527376700029540	13.3287698
239	120.620075048277116	14.525120704459527	8.6920481
240	120.617679568202490	14.523744443129463	3.8311210
241	120.611799873000123	14.523142593194290	-8.0723391
242	120.605312179071291	14.528688037172207	-12.8465264
243	120.603859912028597	14.529127555995260	-13.3235272
244	120.609997566773529	14.524073689128784	-9.5927182
245	120.608098363963990	14.524712093733264	-15.9872413
246	120.607049089102460	14.526038984036244	-12.0535101
247	120.606237463477029	14.527356791111572	-15.2421448
248	120.595904561820959	14.525440049738551	-59.5704769
249	120.601923357349975	14.529889760832809	-29.3356398
250	120.600269402991415	14.529436553783960	-29.9197503
251	120.597319319914575	14.526727548663226	-51.6398450
252	120.598847130331663	14.527987115162768	-45.1563203
253	120.617836249366391	14.520799911525103	3.4932442
254	120.613574101446474	14.521910587725236	-5.2244789
255	120.615331323575347	14.520700856321834	-0.9056130
256	120.612048545119151	14.521276244238937	-6.7995681
257	120.615721985746504	14.518459314855946	0.1936725
258	120.638714415222552	14.541109665996364	26.6625716
259	120.635291116314193	14.534966109499454	24.6761855
260	120.631529423390461	14.530022753282298	22.2331211
261	120.627738297803504	14.526227002483935	18.1596957
262	120.624170122351174	14.523371134489036	14.3183328
263	120.620867474719603	14.521766428579904	9.0722750
264	120.610454560582909	14.522504790898394	-11.0079619
265	120.604474853796248	14.527251528647037	-22.9874513
266	120.602740157497138	14.527743332776586	-27.2014662
267	120.608817425365274	14.523455522555730	-12.8027274
268	120.606971751147967	14.524256262493802	-19.1780951
269	120.605413834925642	14.525593113406702	-30.8261090
270	120.595921136683941	14.523928653413142	-55.4731735
271	120.597398417276651	14.524889936988862	-54.1185194
272	120.600973727645794	14.527191033235148	-39.5067894
273	120.599076787681355	14.525930046533905	-45.0735157
274	120.618194794351751	14.518218350658090	4.5982013
275	120.620871299110561	14.518653644733778	9.1134106
276	120.617000829348171	14.516384393252720	2.6599845
277	120.615322374387617	14.515842278792624	-0.1307839
278	120.610610517349613	14.520936272273532	-9.2730515
279	120.613477934085239	14.519491745869942	-3.9523838
280	120.611690493511546	14.519683260507360	-7.1393113
281	120.613780212774429	14.517308009766753	-3.0195571
282	120.613891072821502	14.515164775086301	-2.5144462
283	120.643329466818429	14.534863085158221	27.6289375
284	120.638546584741619	14.529155557333242	25.5334176
285	120.633796390877549	14.524654384256735	22.6653026
286	120.629185740181839	14.521454395449778	18.9480566
287	120.624915618127858	14.519056660573220	14.6585302
288	120.609297721502955	14.521937506631883	-12.4598248
289	120.609554420413914	14.520400795593892	-8.3197798
290	120.603276146093975	14.525476687304018	-26.7447221
291	120.607458102587159	14.522651559724963	-19.6232247
292	120.605400584484556	14.523684257934422	-21.3080866
293	120.595937709658457	14.522417256874766	-57.4240659
294	120.595954280744564	14.520905860123420	-55.5576549
295	120.597432421322438	14.523077566613658	-53.9488302
296	120.599130729592844	14.523826971600451	-45.5281327
297	120.601148970131035	14.524739229359643	-44.6882636
298	120.595970849942347	14.519394463159131	-62.4231467
299	120.595987417251848	14.517883065981927	-49.7274136
300	120.619295396699840	14.515713168433413	6.4501037
301	120.622272446246527	14.515593429973759	11.3808558
302	120.617130205035394	14.514067771492252	2.8332593
303	120.615298675583361	14.513592775908085	-0.2099872
304	120.613673928832668	14.513403416816171	-2.9456444
305	120.610225225913098	14.519291065119372	-8.5883031
306	120.611733051963824	14.517984252758094	-6.7532334
307	120.612345042512601	14.516225873703180	-5.3521633
308	120.612657484670251	14.514662936153460	-4.5673945
309	120.646868638098141	14.527568045444728	28.8574305
310	120.640965391543091	14.522575066994218	27.2714543
311	120.635380995880567	14.518904725986852	24.0927920
312	120.630313735210052	14.516677622288922	20.2182478
313	120.626167970854581	14.514726138271671	15.8812169
314	120.607905098132619	14.521014545278998	-15.0456879
315	120.608403594527744	14.519638619575554	-8.6702129
316	120.603514847506645	14.523170566310108	-33.8080362
317	120.605892589018268	14.521608395816630	-19.6795225
318	120.597451845178995	14.521333554170498	-51.1953580
319	120.597245780343371	14.519796686961410	-53.0424298
320	120.599159256176378	14.521707979620874	-44.4674180
321	120.601225076052771	14.522431838869014	-43.7573337
322	120.596003982673139	14.516371668591830	-65.9862126
323	120.597263779960485	14.518054304447913	-45.0843075
324	120.619516977908205	14.512991757076135	6.7690308
325	120.622613939382319	14.512213870800311	11.8469374
326	120.616981860208938	14.511562436605976	3.8913205
327	120.614720964656215	14.511822540977455	-0.6580750
328	120.613026894252485	14.511999441754543	-4.0172869
329	120.612302889702633	14.513224469902058	-8.6247105
330	120.609750513953813	14.518066914082233	-6.4655473
331	120.610540287926895	14.516590467873122	-7.4980262
332	120.611118102770092	14.515269509488553	-7.3406320
333	120.611811339072474	14.514184065196764	-5.9779574
334	120.608335504742186	14.518102177476836	-9.4890322
335	120.649325599663555	14.519482847082086	30.5125416
336	120.642375493330363	14.515602641496756	27.9850850
337	120.626315189566895	14.510668034154989	16.6585897
338	120.636203419087551	14.512902177760377	24.8674806
339	120.630967083478254	14.511839280142341	21.5006737
340	120.606962120610206	14.519411234108778	-9.7242720
341	120.603539113516320	14.521001230631910	-29.4430055
342	120.605271415588135	14.519777468379985	-10.3496954
343	120.596020546206276	14.514860270988860	-54.1590730
344	120.598991249582269	14.519535022379817	-44.3859170
345	120.601162887943900	14.520098495717900	-28.5294473
346	120.597396186554690	14.516178917290215	-53.9602387
347	120.598862755147650	14.517563921946449	-42.1572171
348	120.619677495928954	14.510176471855033	5.7015076
349	120.622701320705232	14.508712372949539	12.4870022
350	120.617392246967199	14.508885736461135	1.0911800
351	120.615344381371770	14.509934507654192	-1.3716135
352	120.613558617391888	14.510476763230509	-1.2121051
353	120.611679272639137	14.512232290178259	-6.9437545
354	120.612208803898199	14.510891124470746	-2.3454424
355	120.611182123133318	14.511446774306489	-5.6187461
356	120.610884756567003	14.513290741277601	-10.8942702
357	120.608963386658303	14.516655309135258	-5.5931283
358	120.609476462690836	14.515147475199662	-8.3432618
359	120.610436986993818	14.514056938779188	-5.5005248
360	120.607220958556539	14.517416034104283	-16.1248926
361	120.650257590049705	14.510971221665974	31.7351602
362	120.642525033768479	14.508398958805344	29.2874613
363	120.626109930870030	14.506555402431800	17.3674455
364	120.630201616061655	14.507612186625510	21.6204611
365	120.635656885174427	14.506563300762300	25.8541076
366	120.596037107851302	14.513348873173031	-45.9475518
367	120.605467583180854	14.517883041716344	-13.4255606
368	120.603340894364393	14.518650583478731	-19.8657183
369	120.597493391257515	14.514415873681688	-51.8776715
370	120.601026885304265	14.517622410911198	-40.6691760
371	120.599173949909115	14.515754668689423	-45.7832999
372	120.619727824911692	14.507070519259601	6.4800803
373	120.622261517191404	14.505189527737519	12.3071191
374	120.615436736058939	14.507739618515759	-2.8449877
375	120.617368371065368	14.506256788515701	1.6079078
376	120.613719823553410	14.508778566888076	-6.5620334
377	120.612183815948242	14.509451176151885	-5.8418793
378	120.610391554576694	14.512300348682805	-6.7862203
379	120.611045454690554	14.510458864586342	-3.2196679
380	120.610348077593102	14.511066140828557	-7.1995418
381	120.609432900739634	14.513078542051577	-9.1442883
382	120.607791736688583	14.515717945830996	-18.0935654
383	120.608605875770735	14.514201981977811	-15.5712781
384	120.613613602902888	14.506917420257544	-6.5679379
385	120.605919224763113	14.515949963540560	-29.2691670
386	120.649776253082194	14.502401732807542	32.6187495
387	120.641793054910480	14.501329896143687	30.0296614
388	120.625358859532867	14.503115611946363	17.4035374
389	120.630097090684430	14.502925814898841	22.6782023
390	120.635260106960658	14.500129842639192	27.1066519
391	120.596053667608317	14.511837475144361	-33.3345328
392	120.597513216978911	14.512617818627024	-45.5177149
393	120.603566691134617	14.516236124267447	-28.0201761
394	120.599178368850474	14.513722261173669	-42.5730052
395	120.601162492497252	14.515159192148996	-42.2360219
396	120.619226024469782	14.503803344983206	4.0807600
397	120.621911407756954	14.501721454521604	15.7253327
398	120.615195224380741	14.505544053593841	-5.2515001
399	120.616722540105400	14.504086787173582	-3.9873710
400	120.613541564835771	14.505064032148944	-11.8204839
401	120.612179311920713	14.507906685498316	-9.8501648
402	120.610717348942018	14.508935588825297	-8.3177810
403	120.609001247272388	14.511626411621545	-7.1388800
404	120.609652245061753	14.510663088311878	-3.5472809
405	120.607903348820699	14.512574436044325	-7.5355248
406	120.606886544236744	14.514107989503264	-24.5673107
407	120.611990692596294	14.506122166403140	-13.5387067
408	120.604971995628119	14.514012288890351	-28.9877054
409	120.647741771948915	14.494119063190189	33.0887816
410	120.640205861842887	14.494365445434873	30.3951241
411	120.625534734417727	14.499669991618097	18.7911040
412	120.633906764789486	14.494201520442919	27.3874844
413	120.629602725566897	14.497823130846200	23.4363711
414	120.596070225477348	14.510326076902869	-28.7358661
415	120.596086781458482	14.508814678448587	-36.4696715
416	120.596103335551760	14.507303279781537	-60.5196159
417	120.597492033306764	14.510800235042662	-26.7578883
418	120.599117349248559	14.511585886591849	-22.7991224
419	120.602923112219983	14.513567915212404	-28.2841378
420	120.600922729992163	14.512618536361153	-26.6909441
421	120.616830954922094	14.501881435712381	5.4637492
422	120.619087811459025	14.500572611939896	13.4935062
423	120.621676314514147	14.498297050311434	16.9513397
424	120.614780465246454	14.503180973179839	-3.7805906
425	120.612123170097817	14.504535378295913	-17.7992781
426	120.613115262227652	14.503470408074620	-9.7268781
427	120.614715500131254	14.500816517445564	3.4896816
428	120.610895774269423	14.507424474281887	-13.6143151
429	120.609483364891190	14.508202575632971	-16.8332360
430	120.608979731503752	14.509534257050177	-9.3175772
431	120.607580429376625	14.510549197579262	-2.7031165
432	120.606200106538964	14.512047584178836	-8.1134131
433	120.610875662145489	14.504598305964807	-20.3217764
434	120.610508949014132	14.505968781107516	-7.1927058
435	120.604375838755317	14.511493027105391	-14.3571360
436	120.644439104735909	14.486515599268813	33.2539063
437	120.637735534344046	14.488106885793101	30.6855191
438	120.624752591679226	14.495704892519653	19.1846414
439	120.631899999410521	14.488906924876325	27.6425583
440	120.628288886227310	14.492990826452839	25.5945878
441	120.596119887757240	14.505791880901722	-54.7821905
442	120.597473726703754	14.508971986875403	-33.6113260
443	120.597202405213451	14.507297856635338	-58.0554404
444	120.598988501898276	14.509483643045504	-28.7251549
445	120.600805776797927	14.510197662980021	-22.0033183
446	120.602587660711990	14.510753736111527	-15.6142085
447	120.596136438075007	14.504280481809177	-70.6440082
448	120.621049613735835	14.494848065573104	18.2463094
449	120.616641222885633	14.499242972485140	11.4480057
450	120.618732121573004	14.497470674644241	17.2367132
451	120.614515298553428	14.498550896695390	8.5479986
452	120.613106551596346	14.501810576405639	-2.3826455
453	120.611688090503918	14.503021016450509	-10.8172323
454	120.612730800013964	14.499777038028217	1.7353926
455	120.609228594671833	14.506778498961591	-14.9921777
456	120.607670575697142	14.508262698692798	-13.9422365
457	120.605925794240960	14.509624236809856	-14.4402420
458	120.610314431093514	14.503658096723639	-7.0406460
459	120.609339182093464	14.504924763820089	-13.9082788
460	120.604148516436567	14.508779730512517	-25.4389741
461	120.640446281187863	14.480247671152554	33.7529685
462	120.634686061584262	14.482646111063497	32.6099876
463	120.629561532123205	14.484237004566310	28.9455145
464	120.623617323204627	14.491670669061179	22.5509157
465	120.626531088003986	14.488550639088533	27.6405174
466	120.620267725232026	14.491556311937067	20.1717805
467	120.597533868713029	14.505584963232815	-50.2976113
468	120.598825030222301	14.507201807887359	-41.7351830
469	120.600448447971687	14.508157354369061	-33.3291576
470	120.602355927829464	14.507928104615770	-30.2112373
471	120.596152986505103	14.502769082503928	-57.1939915
472	120.597508254075422	14.503817219865258	-54.0845016
473	120.618303428050638	14.494488904939637	18.4045806
474	120.616211166203598	14.496397539709184	17.4163402
475	120.614082607597965	14.496578815560889	11.0105610
476	120.612559989582877	14.497730402491079	2.2332911
477	120.611571856612713	14.501298914984192	-4.4469803
478	120.610572076683866	14.502231532234825	-5.7119059
479	120.611083891241023	14.498508652403920	-4.7640776
480	120.611013790241643	14.500003642061243	-7.3118164
481	120.607676491656733	14.506075401340661	-30.7248928
482	120.605975582414800	14.507150248959922	-25.2952283
483	120.609112852925875	14.502879553560192	-12.5577827
484	120.607920692946266	14.504222876661551	-20.6551401
485	120.604209997881981	14.506172835410235	-28.7324374
486	120.636073220083105	14.475054673358594	34.8869308
487	120.631215869892415	14.477995263351048	33.8574987
488	120.626940299836292	14.480306788126931	30.4457422
489	120.624723654205269	14.484626673823911	28.5733776
490	120.617763487355106	14.491617286002601	19.7737207
491	120.621862822809234	14.487781369998599	25.8350633
492	120.617109766218178	14.488855847515053	21.0896769
493	120.619104934576981	14.488795418646150	22.5838908
494	120.596169533047600	14.501257682985978	-54.1159534
495	120.599175903003612	14.504947516694791	-57.6633315
496	120.600695321998884	14.506020660990298	-50.0615447
497	120.602344513727815	14.505308815826481	-40.7693719
498	120.597555278120964	14.501998096039616	-45.5026511
499	120.598989153697005	14.503089079744452	-42.2836447
500	120.616043912608973	14.493502339756891	18.8649053
501	120.614253363835005	14.494581560106264	12.7251680
502	120.612429884962779	14.495690252921907	2.8811482
503	120.610971099982805	14.496800220808842	-1.9548989
504	120.609551469315747	14.497915936446038	-9.1350259
505	120.609803366363153	14.501093226469100	-9.3777927
506	120.609685593536554	14.499501001439857	-9.7312275
507	120.608319491957815	14.501348013255674	-11.1822907
508	120.605997087994041	14.504561438192644	-23.5123069
509	120.607210477402262	14.502600240817095	-12.2654963
510	120.603720973262867	14.503765674292470	-24.1339090
511	120.631454656777294	14.470866650234017	35.6401628
512	120.624097665224198	14.477711955449612	30.4397122
513	120.627303943699033	14.474335266288207	32.7980497
514	120.622406293507566	14.481276906788962	23.9521435
515	120.620722906520427	14.484348618255309	15.8222988
516	120.615575681790730	14.490765825764118	20.1698538
517	120.615375111888739	14.488032272322419	21.4746860
518	120.617908653026603	14.485718205738779	18.5169095
519	120.596186077702541	14.499746283255355	-71.0145079
520	120.596202620470024	14.498234883312090	-65.7252127
521	120.597659658399991	14.500196369920827	-61.8889693
522	120.600964098495254	14.503299250515990	-34.8898529
523	120.599349356551272	14.501312909246151	-52.4628204
524	120.614013057545236	14.492245275488921	12.3604611
525	120.612409081805623	14.493738455527685	1.6910411
526	120.610872944559404	14.495019675070830	-2.9331324
527	120.609525950699179	14.496327612296124	-12.6188285
528	120.608363936064890	14.497979681173600	-22.9926669
529	120.608227412528350	14.499687999582127	-14.6306227
530	120.606580044735807	14.500455823884439	-15.2514299
531	120.605351760914587	14.502130148871792	-24.8158984
532	120.603023157327939	14.501860017057620	-32.1049380
533	120.620251325944480	14.478354642487982	27.1969837
534	120.626822819564183	14.467709233752290	34.1108569
535	120.622135152677671	14.474788820663402	29.7848179
536	120.623849145682485	14.471387928754499	31.7957540
537	120.618428920439030	14.481828116754897	6.0250878
538	120.617228373129706	14.478671755932421	22.3941930
539	120.613529932878450	14.489726507711000	10.7166895
540	120.613300968665754	14.487338815234850	10.2174327
541	120.615167799600172	14.485909910391806	16.5284254
542	120.615729612594578	14.483633280781937	8.0117004
543	120.596219161350064	14.496723483156186	-64.3138594
544	120.596235700342746	14.495212082787683	-66.7229597
545	120.597583274716072	14.498238540755814	-59.0611491
546	120.599386864272304	14.499215708288929	-50.1589134
547	120.601348077958988	14.500626716268959	-35.7491796
548	120.612202180413021	14.491794922732213	2.4410311
549	120.611804335630026	14.490156960170049	0.9050026
550	120.610797116460176	14.493264551317159	-8.9927203
551	120.609412199938745	14.494744320954592	-9.4126463
552	120.607970724416887	14.496290412386911	-24.5466544
553	120.606476216320175	14.498239410144228	-15.6173373
554	120.604234037269521	14.499781288615166	-26.7898564
555	120.618434157134985	14.475423784785066	26.6649680
556	120.622668307237433	14.465125593713823	32.6810381
557	120.621194463407363	14.468675134949430	30.8827657
558	120.619538278124068	14.472067078519020	28.5102217
559	120.615714896136325	14.476072602789396	24.1108417
560	120.615525729386647	14.481130058415042	-2.9443987
561	120.614746209753676	14.478699647877409	17.2947352
562	120.611597568285461	14.488239668241903	-0.6503468
563	120.611680275735466	14.486252983936613	3.4182674
564	120.613333498255926	14.485068473229154	8.7082718
565	120.613473420026295	14.482965725030537	1.6107557
566	120.596252237448141	14.493700682206596	-62.7689775
567	120.597740626434287	14.496316395912531	-48.6666640
568	120.597529593758438	14.494703176702739	-60.1166033
569	120.599453927376530	14.497135428147585	-45.7082292
570	120.601693171457697	14.498413084226783	-45.7517088
571	120.610509190274485	14.489679157015306	-7.3484067
572	120.610488628023006	14.491473193520349	-6.9889769
573	120.609440521292001	14.493152300553589	-18.9805719
574	120.607873871508474	14.494405589428128	-21.7110606
575	120.606166492685162	14.495970217755154	-24.1194009
576	120.604113420651672	14.497401186813283	-24.1919603
577	120.618686016119440	14.463494105984914	31.1129805
578	120.616282630102006	14.472966225599546	25.6814492
579	120.617998482977242	14.466751645246818	29.4362161
580	120.617001687642258	14.469823892210382	27.2594954
581	120.614055610630331	14.473934964162215	17.6438365
582	120.613639647675939	14.476546211244576	14.7989760
583	120.613309376510458	14.480842326781376	-7.2733661
584	120.612775646545757	14.478730577235888	6.5901541
585	120.609720466188620	14.488354524593120	-11.0084958
586	120.610162879681155	14.486965655840562	-6.0575041
587	120.610420234563151	14.485333891470743	-2.6069039
588	120.611638491895505	14.484311289124697	-0.3204644
589	120.611637392031824	14.482512726253720	-5.1494218
590	120.596268772666292	14.492189281412930	-62.0102484
591	120.597772840204584	14.493191472643772	-60.4426888
592	120.599342873323423	14.494854822886275	-57.4155042
593	120.601571544950545	14.496093772400316	-42.4176127
594	120.609209521318363	14.490037119465246	-15.6504622
595	120.609191131835175	14.491626566848909	-14.6570559
596	120.607753899041498	14.492507180224134	-25.5359783
597	120.606041354212195	14.493763723604983	-30.1844926
598	120.603939183688482	14.495025593134345	-27.8244269
599	120.608396628634026	14.488753422834595	-10.3717239
600	120.615149294074143	14.462113177669439	29.3921410
601	120.614901073001903	14.465215029076345	27.6344342
602	120.614003657878129	14.470956870825857	21.4401804
603	120.614430134434983	14.468048036694576	25.7958971
604	120.611920643219037	14.461206866949279	27.1216334
605	120.612118230229939	14.472832735683498	12.3836680
606	120.612332725271500	14.474904247117644	8.8707771
607	120.611797275707872	14.476799331247113	5.6570563
608	120.611574572267614	14.480629253515401	-10.9876944
609	120.611166397495595	14.478778620569441	-2.5012009
610	120.608338586639391	14.487188544574551	-7.5923585
611	120.609130184938209	14.486078626692850	-8.3863242
612	120.609229984948087	14.484952517387017	-2.4809522
613	120.609991659855197	14.483688176067940	-5.3776574
614	120.610178126355450	14.482007406816702	-5.0955518
615	120.596285305997270	14.490677880406725	-52.2993209
616	120.597775481038241	14.491440917824782	-58.6131233
617	120.599495469553119	14.492617361771506	-52.0983958
618	120.601519818317755	14.493774730363050	-43.3634238
619	120.607640092010740	14.490513009028552	-31.2604514
620	120.605915176751850	14.491601420932943	-30.9445592
621	120.603847179761416	14.492670247971192	-33.4311338
622	120.607142691647510	14.488658537869165	-15.6460082
623	120.607066327671248	14.487056802549924	-15.1043555
624	120.612127082116032	14.464015707288517	25.4481846
625	120.611663040924967	14.470853145186476	19.1698429
626	120.611931220237764	14.466622516882843	23.7095022
627	120.611866935680354	14.468910106063325	22.5727774
628	120.608905175574577	14.460517475746036	24.8596860
629	120.609558748626867	14.463044537941130	23.9273342
630	120.600462666628601	14.459602147455170	-0.9635039
631	120.610362852509041	14.472191027732105	12.7610782
632	120.610556026062099	14.474722206989497	3.6432915
633	120.610358486555839	14.477034051534291	-1.4935899
634	120.610101389524871	14.480342936351438	-7.9922404
635	120.609800965323387	14.478742276810321	-9.0331029
636	120.607822955599914	14.485608583107856	-19.0403924
637	120.608017237203470	14.484026015781062	-4.0535931
638	120.608811753816440	14.482935781539451	-3.8531722
639	120.608863509957814	14.481441360821240	-7.2626718
640	120.596301837441146	14.489166479187993	-64.2896042
641	120.597685328467833	14.489642385920090	-49.6743451
642	120.599484192723722	14.490510666079285	-43.9501731
643	120.601515176350773	14.491370647207798	-42.2942516
644	120.605667942105072	14.489609959934521	-24.8163368
645	120.603659544560031	14.490346999855664	-31.4282960
646	120.605584064502338	14.487695796939803	-17.8208345
647	120.606141865746650	14.485851956839230	-25.6337759
648	120.596318366997949	14.487655077756758	-64.4021572
649	120.609760631974055	14.465564596987720	22.3181365
650	120.610003866270063	14.470003176054158	20.0126837
651	120.609647909378467	14.467955203718773	20.5751524
652	120.606328884364629	14.460076959720682	18.1036988
653	120.607191481700980	14.462302162114959	20.4607460
654	120.607703704992474	14.464574423641006	21.2503507
655	120.602148603598621	14.459694541878141	-4.3186261
656	120.604099360424044	14.459805154554637	5.4459597
657	120.597279599493916	14.459492414147340	-6.1913771
658	120.598830593840390	14.459512693463338	-3.7957419
659	120.600286906385804	14.460069740811262	-3.1342715
660	120.596615576403806	14.460449815679517	-9.0626650
661	120.609300907567686	14.473184989528642	7.8909600
662	120.608867939240241	14.471443913196032	13.8224823
663	120.609121412667804	14.475879542364897	-2.2518644
664	120.608533740074563	14.474372026722321	2.6427662
665	120.608963865185515	14.477390655696516	-8.4641710
666	120.608764993997823	14.479887841770104	-14.4955692
667	120.608569576149179	14.478445964035293	-11.7183233
668	120.606775547002201	14.484320324969865	-13.2776943
669	120.607421624569554	14.482906319028178	-18.2041326
670	120.607625926764541	14.481351399440692	-8.4275234
671	120.597598374080107	14.487658792062458	-57.3514759
672	120.599145892002284	14.488661993985241	-47.6553173
673	120.601283833168495	14.488840015944705	-29.0674904
674	120.603568482659327	14.488174662804074	-20.6424062
675	120.604250047718836	14.486231603718965	-26.8883153
676	120.605213734663366	14.484356946367233	-22.8084145
677	120.596334894667763	14.486143676113025	-66.8881259
678	120.607973287711630	14.466700022916433	19.9784164
679	120.608473627964401	14.469814375230969	18.4162598
680	120.607862186438169	14.468492723830760	18.6147236
681	120.605206982102032	14.461853438680683	12.5591457
682	120.605776718211516	14.463918615045815	9.3301604
683	120.606228023147793	14.465838907261118	8.1425025
684	120.601472616380619	14.461130834874927	-10.0673955
685	120.602668090556747	14.462028433611607	0.5706137
686	120.603812013388165	14.461992267197653	6.1060091
687	120.597771366698780	14.460939374093771	-6.6128173
688	120.599035513065132	14.461035170242818	-9.6630188
689	120.600061085927038	14.461894628997088	-8.6170073
690	120.596599080803529	14.461961220932327	-7.6843020
691	120.607780431277902	14.472727244180900	7.8559709
692	120.607513743503745	14.471339131501651	12.6739870
693	120.607778965995323	14.476563410191341	-6.2961008
694	120.606784326907942	14.473739070898038	1.7948281
695	120.607318442128999	14.475277025555876	-1.1572476
696	120.607424394403807	14.477765348405619	-9.7013454
697	120.607313776609999	14.479409093994338	-16.2680120
698	120.606015856711238	14.482586450483520	-23.5797586
699	120.606200170750014	14.480775587326317	-20.9005131
700	120.597786017631265	14.485783460625585	-55.9750284
701	120.599501821507275	14.486893857317272	-54.3440004
702	120.601661934148424	14.486400909421084	-34.5665297
703	120.603308961167514	14.484742499862065	-32.1290578
704	120.604253423944257	14.482814327188807	-30.8633643
705	120.602571048687338	14.483369280582739	-35.8532112
706	120.596351420450645	14.484632274256835	-50.4812811
707	120.606458673513501	14.467493534630977	9.5822649
708	120.607067369855386	14.470221808408418	15.3874036
709	120.606580703981948	14.468799326642539	10.0843336
710	120.604971771099429	14.466974185396804	-5.8215249
711	120.604115973337400	14.463693377942759	4.9809510
712	120.604512437376997	14.465362961204191	-0.1149068
713	120.601260522376180	14.463006211987112	-5.6904915
714	120.602645665887778	14.463521246181248	-4.4467267
715	120.598062869264723	14.462642019007212	-3.5046893
716	120.599412150977059	14.463307656119378	-2.1368880
717	120.596582583317314	14.463472625973010	-11.5354774
718	120.606207080075464	14.472240210779772	4.4995024
719	120.606247893013048	14.471117978299384	10.0429089
720	120.606211013476255	14.476347795453378	-10.0202933
721	120.605182762820590	14.473022201769091	2.2582706
722	120.605682035590945	14.474670906547003	-6.5558841
723	120.606017803761887	14.477996563614379	-10.1835963
724	120.605857136895040	14.479135337924614	-15.5704821
725	120.604814367360191	14.479725575033024	-21.6086469
726	120.604536278627208	14.481168000429289	-26.0467094
727	120.597822563638829	14.483984047070363	-46.7629545
728	120.599422952774432	14.484869542655746	-50.6386833
729	120.601020098210952	14.484322583731860	-41.2018831
730	120.602524849989393	14.481969929773559	-32.7666448
731	120.600961158754473	14.482700641986719	-38.4322445
732	120.596367944346653	14.483120872188200	-52.5585665
733	120.605183238278570	14.468571636835071	-4.5499398
734	120.605479091807126	14.469928835467311	-1.8622950
735	120.599956564592532	14.464430939202570	-7.3544944
736	120.603975311492860	14.468056426623887	-13.3930782
737	120.603413730297689	14.466566139857640	-8.0818787
738	120.602801676874748	14.465097868595366	-5.1362557
739	120.601369611585426	14.464909994849258	-8.3361827
740	120.597997305352990	14.464568581324968	-14.3937808
741	120.596566083945063	14.464984030801526	-23.2831839
742	120.604642914869075	14.471276069142789	-0.7960289
743	120.603868228679758	14.472304716093745	-6.8924593
744	120.604942303727896	14.476842904951891	-1.9236555
745	120.604603453093375	14.475360484664167	-11.6647100
746	120.604076794128147	14.473871210269056	-4.7907765
747	120.604311612005688	14.478087068371973	-22.0641748
748	120.603307432682371	14.479331353966710	-25.8587790
749	120.602768787000755	14.480696088911738	-32.0824666
750	120.597591753988056	14.482407496336627	-46.2803218
751	120.599202829007837	14.482542232569537	-34.3490222
752	120.600768299795064	14.481142266533862	-32.8806751
753	120.596384466355858	14.481609469907156	-55.3941200
754	120.603874405291833	14.469238295192262	-18.5059221
755	120.603845771332701	14.470354074908350	-15.4372147
756	120.599324776480302	14.465839717697197	-17.1420420
757	120.602653230666959	14.468164101056821	-13.0101095
758	120.602032950618323	14.466633584872691	-8.5237776
759	120.600593112517330	14.466659690354881	-16.5545976
760	120.597777848562700	14.466569351152065	-23.6896698
761	120.596549582686748	14.466495435417881	-28.4747158
762	120.602932179212459	14.471420113415716	-18.6406298
763	120.602656384622321	14.473065812599911	-17.7631042
764	120.603376152628215	14.476503635867918	-15.4625981
765	120.602872620671036	14.474862003515836	-7.0196570
766	120.602189856172757	14.477755597340913	-24.6572549
767	120.601248322985626	14.479363007457570	-39.8344301
768	120.597833919408274	14.480876749142569	-52.0365379
769	120.599302801261885	14.480139787002493	-45.2497262
770	120.596400986478301	14.480098067413707	-42.3326253
771	120.602039984294706	14.469927726861510	-15.9118121
772	120.599268741928142	14.467837785952646	-25.0585398
773	120.600986577763905	14.468437865692742	-20.9365078
774	120.597943348608680	14.468556151606110	-35.5939635
775	120.596533079542297	14.468006839822039	-36.7629119
776	120.601247374747231	14.471659568499909	-20.9716024
777	120.601198076728451	14.473757714544648	-25.5624717
778	120.601261537528188	14.475963325478997	-14.5886693
779	120.599774642509715	14.477943402046051	-18.7804282
780	120.597898608376497	14.478988604715072	-32.5199419
781	120.596417504714069	14.478586664707866	-21.5260047
782	120.599673295068044	14.470066908115841	-26.0992316
783	120.597825581012785	14.470101997511925	-37.3616597
784	120.596516574511639	14.469518244013971	-43.1805328
785	120.599563764476216	14.472324965722420	-37.7649642
786	120.599534111826571	14.474376413004839	-37.7651327
787	120.599287290284124	14.476170273453301	-21.0645306
788	120.597751474614000	14.477128067690892	-23.8473647
789	120.596434021063203	14.477075261789667	-33.6530087
790	120.597992909505251	14.471600162895767	-42.0280949
791	120.596500067594718	14.471029647993667	-44.2329053
792	120.597921219164832	14.473364970533778	-45.7570910
793	120.597818213418577	14.475159945200229	-43.4023599
794	120.596450535525776	14.475563858659120	-45.1262044
795	120.596483558791476	14.472541051761107	-46.0545357
796	120.596467048101857	14.474052455316267	-52.4206772
1	3	1	3	6
2	3	3	1	2
3	3	1	6	4
4	3	2	8	3
5	3	9	8	2
6	3	3	8	10
7	3	6	3	10
8	3	6	12	4
9	3	4	12	5
10	3	7	5	12
11	3	6	13	12
12	3	10	13	6
13	3	12	14	7
14	3	8	11	10
15	3	15	11	8
16	3	15	8	9
17	3	9	16	15
18	3	11	21	10
19	3	19	13	10
20	3	19	10	21
21	3	23	21	11
22	3	11	17	22
23	3	23	11	22
24	3	17	11	15
25	3	13	24	12
26	3	12	24	14
27	3	13	19	24
28	3	18	14	24
29	3	17	15	25
30	3	25	15	16
31	3	26	25	16
32	3	27	20	17
33	3	25	27	17
34	3	20	22	17
35	3	18	24	31
36	3	32	19	21
37	3	24	19	32
38	3	27	29	20
39	3	20	29	28
40	3	28	33	20
41	3	33	22	20
42	3	21	23	34
43	3	32	21	34
44	3	35	22	33
45	3	23	22	35
46	3	23	35	34
47	3	36	31	24
48	3	36	24	32
49	3	39	27	25
50	3	25	26	39
51	3	39	26	30
52	3	29	27	40
53	3	27	39	40
54	3	37	28	38
55	3	33	28	37
56	3	29	41	28
57	3	41	38	28
58	3	29	40	41
59	3	39	30	42
60	3	43	31	36
61	3	44	36	32
62	3	44	32	34
63	3	45	33	37
64	3	35	33	45
65	3	34	46	44
66	3	46	34	35
67	3	46	35	45
68	3	47	43	36
69	3	47	36	44
70	3	49	37	38
71	3	50	37	49
72	3	45	37	50
73	3	38	48	49
74	3	38	53	48
75	3	53	38	41
76	3	54	40	39
77	3	54	39	42
78	3	40	54	55
79	3	41	40	55
80	3	41	55	53
81	3	54	42	56
82	3	43	47	59
83	3	44	46	60
84	3	47	44	60
85	3	50	61	45
86	3	45	61	46
87	3	60	46	62
88	3	46	61	62
89	3	63	47	60
90	3	59	47	63
91	3	49	48	64
92	3	52	64	48
93	3	52	48	57
94	3	48	58	57
95	3	58	48	53
96	3	50	49	64
97	3	61	50	51
98	3	50	67	51
99	3	64	67	50
100	3	61	51	66
101	3	67	68	51
102	3	68	66	51
103	3	64	52	65
104	3	52	57	69
105	3	52	69	65
106	3	53	55	72
107	3	72	58	53
108	3	55	54	73
109	3	73	54	56
110	3	73	72	55
111	3	56	74	73
112	3	57	58	75
113	3	70	57	75
114	3	69	57	70
115	3	72	75	58
116	3	59	63	76
117	3	60	77	63
118	3	60	62	77
119	3	61	66	78
120	3	78	62	61
121	3	77	62	78
122	3	79	63	77
123	3	63	79	76
124	3	64	65	81
125	3	67	64	81
126	3	65	82	81
127	3	65	71	82
128	3	71	65	69
129	3	83	66	68
130	3	66	83	78
131	3	68	67	84
132	3	67	81	84
133	3	83	68	84
134	3	87	71	69
135	3	69	70	87
136	3	75	88	70
137	3	87	70	88
138	3	82	71	80
139	3	87	89	71
140	3	80	71	89
141	3	93	92	72
142	3	75	72	92
143	3	73	93	72
144	3	94	93	73
145	3	74	94	73
146	3	94	74	95
147	3	75	92	96
148	3	88	75	96
149	3	76	79	97
150	3	98	77	78
151	3	77	98	79
152	3	98	78	83
153	3	99	79	98
154	3	79	99	97
155	3	80	85	101
156	3	89	91	80
157	3	91	85	80
158	3	101	82	80
159	3	84	81	102
160	3	102	81	82
161	3	101	102	82
162	3	100	83	103
163	3	98	83	100
164	3	103	83	84
165	3	84	104	103
166	3	84	102	104
167	3	106	86	85
168	3	85	90	106
169	3	101	85	86
170	3	90	85	91
171	3	105	86	107
172	3	86	105	101
173	3	106	107	86
174	3	87	88	109
175	3	87	109	89
176	3	96	110	88
177	3	109	88	110
178	3	109	111	89
179	3	89	111	91
180	3	106	90	108
181	3	112	108	90
182	3	91	113	90
183	3	113	112	90
184	3	91	111	113
185	3	96	92	116
186	3	92	93	116
187	3	93	94	116
188	3	116	94	117
189	3	117	94	95
190	3	95	114	117
191	3	118	110	96
192	3	96	116	118
193	3	119	97	99
194	3	120	98	100
195	3	98	120	99
196	3	99	120	119
197	3	100	103	121
198	3	121	120	100
199	3	122	102	101
200	3	101	105	122
201	3	104	102	122
202	3	123	121	103
203	3	103	104	123
204	3	123	104	122
205	3	105	124	122
206	3	107	124	105
207	3	106	125	107
208	3	125	106	108
209	3	125	124	107
210	3	129	128	108
211	3	129	108	112
212	3	108	128	126
213	3	126	125	108
214	3	111	109	132
215	3	132	109	110
216	3	133	110	118
217	3	110	133	132
218	3	134	113	111
219	3	111	132	134
220	3	112	131	129
221	3	131	112	135
222	3	135	112	136
223	3	112	113	136
224	3	113	134	136
225	3	114	115	137
226	3	114	137	117
227	3	115	138	137
228	3	116	139	118
229	3	117	139	116
230	3	139	117	137
231	3	133	118	139
232	3	119	120	140
233	3	141	120	121
234	3	120	141	140
235	3	142	141	121
236	3	142	121	123
237	3	122	143	123
238	3	143	122	124
239	3	123	143	142
240	3	143	124	144
241	3	124	125	144
242	3	126	145	125
243	3	145	144	125
244	3	145	126	127
245	3	130	127	126
246	3	126	128	130
247	3	147	127	146
248	3	145	127	147
249	3	146	127	130
250	3	129	149	128
251	3	130	128	148
252	3	148	128	149
253	3	129	131	149
254	3	130	148	151
255	3	130	151	146
256	3	153	152	131
257	3	131	152	149
258	3	153	131	135
259	3	134	132	154
260	3	132	133	154
261	3	139	154	133
262	3	154	155	134
263	3	134	155	136
264	3	135	136	156
265	3	156	153	135
266	3	155	157	136
267	3	136	157	156
268	3	138	159	137
269	3	137	159	139
270	3	138	158	159
271	3	160	139	159
272	3	160	154	139
273	3	164	140	141
274	3	164	141	165
275	3	141	142	165
276	3	166	165	142
277	3	143	166	142
278	3	166	143	167
279	3	167	143	144
280	3	144	168	167
281	3	144	145	168
282	3	145	147	168
283	3	170	147	146
284	3	151	163	146
285	3	146	163	170
286	3	169	147	170
287	3	169	168	147
288	3	150	151	148
289	3	171	150	148
290	3	148	149	171
291	3	171	149	152
292	3	151	150	174
293	3	173	150	172
294	3	172	150	171
295	3	174	150	173
296	3	174	163	151
297	3	152	153	177
298	3	177	176	152
299	3	152	176	171
300	3	177	153	156
301	3	155	154	178
302	3	154	160	178
303	3	178	157	155
304	3	157	179	156
305	3	156	179	177
306	3	178	179	157
307	3	180	159	158
308	3	158	161	180
309	3	181	160	159
310	3	180	181	159
311	3	181	182	160
312	3	160	182	178
313	3	161	184	180
314	3	161	162	184
315	3	162	185	184
316	3	183	185	162
317	3	170	163	186
318	3	163	175	186
319	3	174	175	163
320	3	187	164	165
321	3	187	165	188
322	3	166	188	165
323	3	188	166	189
324	3	189	166	167
325	3	189	167	190
326	3	167	168	190
327	3	168	191	190
328	3	169	191	168
329	3	192	191	169
330	3	169	170	192
331	3	170	194	192
332	3	170	193	194
333	3	170	186	193
334	3	171	176	195
335	3	171	195	172
336	3	196	172	195
337	3	172	196	173
338	3	196	198	173
339	3	198	174	173
340	3	174	198	200
341	3	174	200	175
342	3	197	186	175
343	3	200	199	175
344	3	199	197	175
345	3	177	201	176
346	3	176	201	195
347	3	202	177	179
348	3	201	177	202
349	3	182	203	178
350	3	179	178	203
351	3	202	179	203
352	3	204	181	180
353	3	204	180	184
354	3	181	204	182
355	3	182	204	203
356	3	207	185	183
357	3	183	205	207
358	3	208	204	184
359	3	208	184	185
360	3	185	207	208
361	3	186	209	193
362	3	186	197	209
363	3	187	188	210
364	3	210	188	211
365	3	188	189	211
366	3	189	212	211
367	3	212	189	190
368	3	212	190	213
369	3	191	213	190
370	3	214	213	191
371	3	192	214	191
372	3	214	192	215
373	3	192	194	215
374	3	216	217	193
375	3	194	193	217
376	3	216	193	209
377	3	194	217	215
378	3	195	219	196
379	3	219	195	201
380	3	219	218	196
381	3	196	218	198
382	3	209	197	220
383	3	220	197	221
384	3	221	197	199
385	3	200	198	223
386	3	218	223	198
387	3	224	199	200
388	3	222	221	199
389	3	224	222	199
390	3	223	224	200
391	3	226	201	202
392	3	219	201	225
393	3	226	225	201
394	3	226	202	227
395	3	202	203	227
396	3	203	228	227
397	3	203	204	228
398	3	204	208	228
399	3	205	230	207
400	3	230	205	206
401	3	206	229	230
402	3	231	208	207
403	3	207	230	231
404	3	208	231	228
405	3	232	216	209
406	3	220	232	209
407	3	210	211	234
408	3	235	234	211
409	3	211	212	235
410	3	235	212	236
411	3	236	212	213
412	3	213	237	236
413	3	237	213	214
414	3	214	238	237
415	3	238	214	215
416	3	238	215	239
417	3	215	217	239
418	3	240	217	216
419	3	233	240	216
420	3	216	232	233
421	3	217	240	239
422	3	218	219	242
423	3	218	242	223
424	3	243	242	219
425	3	225	243	219
426	3	220	241	232
427	3	244	241	220
428	3	220	221	244
429	3	221	245	244
430	3	222	245	221
431	3	245	222	246
432	3	222	224	246
433	3	224	223	247
434	3	247	223	242
435	3	224	247	246
436	3	225	249	243
437	3	249	225	226
438	3	226	227	249
439	3	228	249	227
440	3	228	250	249
441	3	250	228	231
442	3	251	230	229
443	3	251	229	248
444	3	252	231	230
445	3	230	251	252
446	3	231	252	250
447	3	232	254	233
448	3	241	254	232
449	3	253	240	233
450	3	233	254	255
451	3	233	255	253
452	3	258	234	235
453	3	236	259	235
454	3	235	259	258
455	3	260	259	236
456	3	236	237	260
457	3	260	237	261
458	3	261	237	238
459	3	262	261	238
460	3	239	262	238
461	3	239	263	262
462	3	239	240	263
463	3	240	253	263
464	3	264	256	241
465	3	241	256	254
466	3	241	244	264
467	3	243	265	242
468	3	242	265	247
469	3	249	266	243
470	3	266	265	243
471	3	245	267	244
472	3	264	244	267
473	3	268	245	246
474	3	245	268	267
475	3	246	247	269
476	3	268	246	269
477	3	269	247	265
478	3	271	251	248
479	3	271	248	270
480	3	272	266	249
481	3	250	272	249
482	3	272	250	252
483	3	273	252	251
484	3	251	271	273
485	3	273	272	252
486	3	275	253	274
487	3	263	253	275
488	3	257	274	253
489	3	253	255	257
490	3	255	254	279
491	3	254	256	279
492	3	255	279	257
493	3	280	279	256
494	3	280	256	278
495	3	264	278	256
496	3	274	257	276
497	3	257	277	276
498	3	277	257	281
499	3	279	281	257
500	3	259	283	258
501	3	259	284	283
502	3	284	259	260
503	3	285	284	260
504	3	260	261	285
505	3	285	261	286
506	3	261	262	286
507	3	262	263	287
508	3	286	262	287
509	3	263	275	287
510	3	288	278	264
511	3	264	267	288
512	3	269	265	290
513	3	266	290	265
514	3	290	266	272
515	3	267	268	291
516	3	267	291	288
517	3	292	291	268
518	3	268	269	292
519	3	290	292	269
520	3	271	270	295
521	3	295	270	293
522	3	296	273	271
523	3	296	271	295
524	3	272	297	290
525	3	297	272	273
526	3	273	296	297
527	3	300	274	276
528	3	274	300	275
529	3	301	287	275
530	3	300	301	275
531	3	276	277	302
532	3	276	302	300
533	3	281	282	277
534	3	277	282	303
535	3	303	302	277
536	3	289	278	288
537	3	305	280	278
538	3	289	305	278
539	3	281	279	306
540	3	279	280	306
541	3	306	280	305
542	3	307	282	281
543	3	281	306	307
544	3	308	304	282
545	3	308	282	307
546	3	304	303	282
547	3	284	309	283
548	3	309	284	310
549	3	285	310	284
550	3	311	285	286
551	3	310	285	311
552	3	312	311	286
553	3	287	312	286
554	3	312	287	313
555	3	313	287	301
556	3	314	289	288
557	3	291	314	288
558	3	315	289	314
559	3	289	315	305
560	3	290	297	316
561	3	290	316	292
562	3	317	314	291
563	3	291	292	317
564	3	316	317	292
565	3	295	293	318
566	3	318	293	294
567	3	319	318	294
568	3	319	294	298
569	3	320	295	318
570	3	320	296	295
571	3	321	297	296
572	3	320	321	296
573	3	321	316	297
574	3	298	323	319
575	3	299	323	298
576	3	322	323	299
577	3	300	324	301
578	3	300	302	324
579	3	301	324	325
580	3	301	325	313
581	3	326	324	302
582	3	303	326	302
583	3	303	327	326
584	3	327	303	304
585	3	304	308	329
586	3	328	327	304
587	3	329	328	304
588	3	315	330	305
589	3	306	305	330
590	3	331	307	306
591	3	330	331	306
592	3	331	332	307
593	3	307	332	308
594	3	333	308	332
595	3	308	333	329
596	3	335	309	310
597	3	335	310	336
598	3	336	310	311
599	3	311	312	338
600	3	311	338	336
601	3	312	339	338
602	3	312	313	339
603	3	325	337	313
604	3	313	337	339
605	3	340	315	314
606	3	340	314	317
607	3	340	334	315
608	3	330	315	334
609	3	341	317	316
610	3	321	341	316
611	3	317	342	340
612	3	317	341	342
613	3	320	318	344
614	3	344	318	319
615	3	319	323	344
616	3	320	344	345
617	3	345	321	320
618	3	321	345	341
619	3	346	323	322
620	3	343	346	322
621	3	347	344	323
622	3	347	323	346
623	3	325	324	348
624	3	326	348	324
625	3	349	337	325
626	3	348	349	325
627	3	326	350	348
628	3	326	351	350
629	3	351	326	327
630	3	351	327	352
631	3	328	352	327
632	3	328	353	354
633	3	329	353	328
634	3	328	354	352
635	3	329	333	356
636	3	356	353	329
637	3	330	334	357
638	3	330	357	331
639	3	358	332	331
640	3	358	331	357
641	3	359	333	332
642	3	358	359	332
643	3	333	359	356
644	3	340	360	334
645	3	357	334	360
646	3	361	335	336
647	3	336	338	362
648	3	362	361	336
649	3	339	337	364
650	3	349	363	337
651	3	337	363	364
652	3	338	365	362
653	3	338	339	365
654	3	364	365	339
655	3	367	360	340
656	3	340	342	367
657	3	341	368	342
658	3	345	368	341
659	3	367	342	368
660	3	369	346	343
661	3	369	343	366
662	3	344	370	345
663	3	344	347	370
664	3	368	345	370
665	3	346	371	347
666	3	371	346	369
667	3	347	371	370
668	3	349	348	372
669	3	348	350	372
670	3	363	349	373
671	3	349	372	373
672	3	350	351	374
673	3	350	375	372
674	3	374	375	350
675	3	376	374	351
676	3	351	352	376
677	3	352	377	376
678	3	352	354	377
679	3	353	355	354
680	3	378	353	356
681	3	353	378	355
682	3	354	355	379
683	3	379	377	354
684	3	380	355	378
685	3	380	379	355
686	3	356	359	381
687	3	356	381	378
688	3	360	382	357
689	3	358	357	382
690	3	383	359	358
691	3	383	358	382
692	3	381	359	383
693	3	360	367	385
694	3	385	382	360
695	3	361	362	386
696	3	387	362	365
697	3	362	387	386
698	3	363	373	388
699	3	364	363	389
700	3	388	389	363
701	3	389	365	364
702	3	390	365	389
703	3	390	387	365
704	3	366	392	369
705	3	391	392	366
706	3	368	393	367
707	3	385	367	393
708	3	368	370	393
709	3	392	394	369
710	3	394	371	369
711	3	370	395	393
712	3	395	370	371
713	3	395	371	394
714	3	372	396	373
715	3	375	396	372
716	3	373	397	388
717	3	373	396	397
718	3	384	374	376
719	3	375	374	398
720	3	384	398	374
721	3	399	396	375
722	3	375	398	399
723	3	401	384	376
724	3	377	401	376
725	3	402	401	377
726	3	379	402	377
727	3	403	378	381
728	3	403	380	378
729	3	402	379	404
730	3	380	404	379
731	3	403	404	380
732	3	381	383	405
733	3	381	405	403
734	3	385	406	382
735	3	406	383	382
736	3	406	405	383
737	3	407	384	401
738	3	384	400	398
739	3	407	400	384
740	3	385	408	406
741	3	408	385	393
742	3	409	386	387
743	3	390	410	387
744	3	409	387	410
745	3	388	397	411
746	3	388	411	389
747	3	413	390	389
748	3	389	411	413
749	3	412	410	390
750	3	413	412	390
751	3	417	392	391
752	3	417	391	414
753	3	392	418	394
754	3	392	417	418
755	3	419	408	393
756	3	395	419	393
757	3	395	394	420
758	3	394	418	420
759	3	420	419	395
760	3	396	422	397
761	3	421	422	396
762	3	399	421	396
763	3	397	422	423
764	3	411	397	423
765	3	398	424	399
766	3	398	400	424
767	3	399	424	421
768	3	407	425	400
769	3	400	426	424
770	3	400	425	426
771	3	407	401	428
772	3	428	401	402
773	3	402	430	429
774	3	429	428	402
775	3	430	402	404
776	3	403	431	404
777	3	405	431	403
778	3	431	430	404
779	3	432	431	405
780	3	432	405	406
781	3	408	432	406
782	3	425	407	433
783	3	428	434	407
784	3	407	434	433
785	3	435	432	408
786	3	435	408	419
787	3	410	436	409
788	3	410	412	437
789	3	437	436	410
790	3	438	413	411
791	3	411	423	438
792	3	439	412	440
793	3	412	439	437
794	3	413	440	412
795	3	413	438	440
796	3	414	442	417
797	3	415	442	414
798	3	442	415	443
799	3	443	415	416
800	3	443	416	441
801	3	418	417	444
802	3	444	417	442
803	3	418	445	420
804	3	418	444	445
805	3	419	446	435
806	3	420	446	419
807	3	420	445	446
808	3	449	422	421
809	3	421	427	449
810	3	424	427	421
811	3	422	450	423
812	3	450	422	449
813	3	423	448	438
814	3	450	448	423
815	3	452	427	424
816	3	424	426	452
817	3	425	433	453
818	3	453	426	425
819	3	426	453	452
820	3	427	451	449
821	3	427	454	451
822	3	454	427	452
823	3	429	455	428
824	3	428	455	434
825	3	456	429	430
826	3	456	455	429
827	3	430	431	456
828	3	456	431	457
829	3	457	431	432
830	3	457	432	435
831	3	459	433	434
832	3	459	458	433
833	3	433	458	453
834	3	434	455	459
835	3	446	460	435
836	3	435	460	457
837	3	436	437	461
838	3	462	437	439
839	3	462	461	437
840	3	464	440	438
841	3	438	448	464
842	3	439	440	465
843	3	463	462	439
844	3	439	465	463
845	3	464	465	440
846	3	441	467	443
847	3	441	447	467
848	3	468	444	442
849	3	443	468	442
850	3	468	443	467
851	3	445	444	469
852	3	444	468	469
853	3	470	446	445
854	3	469	470	445
855	3	470	460	446
856	3	467	447	472
857	3	471	472	447
858	3	466	448	473
859	3	466	464	448
860	3	450	473	448
861	3	449	474	450
862	3	451	474	449
863	3	473	450	474
864	3	451	475	474
865	3	475	451	476
866	3	451	454	476
867	3	477	454	452
868	3	452	453	477
869	3	453	478	477
870	3	478	453	458
871	3	476	454	479
872	3	454	477	480
873	3	454	480	479
874	3	459	455	481
875	3	456	481	455
876	3	482	481	456
877	3	456	457	482
878	3	457	460	482
879	3	459	483	458
880	3	483	478	458
881	3	459	484	483
882	3	481	484	459
883	3	485	482	460
884	3	485	460	470
885	3	486	461	462
886	3	463	487	462
887	3	487	486	462
888	3	487	463	488
889	3	463	465	489
890	3	489	488	463
891	3	464	466	491
892	3	465	464	491
893	3	489	465	491
894	3	466	490	493
895	3	473	490	466
896	3	466	493	491
897	3	467	495	468
898	3	467	472	495
899	3	496	469	468
900	3	468	495	496
901	3	469	496	470
902	3	470	497	485
903	3	497	470	496
904	3	472	471	498
905	3	498	471	494
906	3	499	495	472
907	3	498	499	472
908	3	500	490	473
909	3	500	473	474
910	3	474	501	500
911	3	475	501	474
912	3	501	475	502
913	3	476	502	475
914	3	502	476	503
915	3	479	503	476
916	3	477	505	480
917	3	477	478	505
918	3	505	478	483
919	3	506	479	480
920	3	504	503	479
921	3	506	504	479
922	3	505	506	480
923	3	508	484	481
924	3	481	482	508
925	3	485	508	482
926	3	505	483	507
927	3	509	483	484
928	3	509	507	483
929	3	509	484	508
930	3	485	497	510
931	3	485	510	508
932	3	486	487	511
933	3	488	513	487
934	3	513	511	487
935	3	489	514	488
936	3	512	513	488
937	3	488	514	512
938	3	515	514	489
939	3	489	491	515
940	3	490	516	492
941	3	490	492	493
942	3	490	500	516
943	3	491	493	518
944	3	515	491	518
945	3	492	518	493
946	3	492	517	518
947	3	516	517	492
948	3	521	498	494
949	3	519	521	494
950	3	495	499	522
951	3	496	495	522
952	3	496	522	497
953	3	497	522	510
954	3	499	498	523
955	3	498	521	523
956	3	522	499	523
957	3	500	524	516
958	3	501	524	500
959	3	501	525	524
960	3	525	501	502
961	3	525	502	526
962	3	503	526	502
963	3	503	527	526
964	3	527	503	504
965	3	506	528	504
966	3	528	527	504
967	3	529	505	507
968	3	506	505	529
969	3	506	529	528
970	3	529	507	530
971	3	507	509	530
972	3	531	508	510
973	3	508	531	509
974	3	530	509	531
975	3	522	532	510
976	3	532	531	510
977	3	511	513	534
978	3	535	513	512
979	3	512	514	533
980	3	533	535	512
981	3	535	536	513
982	3	513	536	534
983	3	514	537	533
984	3	514	515	537
985	3	518	537	515
986	3	539	517	516
987	3	524	539	516
988	3	539	540	517
989	3	541	517	540
990	3	517	541	518
991	3	542	537	518
992	3	541	542	518
993	3	545	521	519
994	3	520	545	519
995	3	520	543	545
996	3	523	521	546
997	3	546	521	545
998	3	547	532	522
999	3	522	523	547
1000	3	523	546	547
1001	3	539	524	548
1002	3	524	525	548
1003	3	525	550	548
1004	3	526	550	525
1005	3	550	526	551
1006	3	527	551	526
1007	3	552	551	527
1008	3	552	527	528
1009	3	528	529	553
1010	3	528	553	552
1011	3	553	529	530
1012	3	554	530	531
1013	3	553	530	554
1014	3	532	554	531
1015	3	554	532	547
1016	3	538	533	537
1017	3	555	535	533
1018	3	538	555	533
1019	3	534	536	557
1020	3	534	557	556
1021	3	536	535	558
1022	3	558	535	555
1023	3	536	558	557
1024	3	537	560	538
1025	3	560	537	542
1026	3	538	561	559
1027	3	555	538	559
1028	3	560	561	538
1029	3	549	562	539
1030	3	548	549	539
1031	3	539	562	540
1032	3	541	540	564
1033	3	540	562	563
1034	3	563	564	540
1035	3	564	542	541
1036	3	542	565	560
1037	3	542	564	565
1038	3	543	567	545
1039	3	567	543	544
1040	3	567	544	568
1041	3	566	568	544
1042	3	569	546	545
1043	3	569	545	567
1044	3	547	546	570
1045	3	546	569	570
1046	3	554	547	570
1047	3	572	549	548
1048	3	548	550	572
1049	3	571	562	549
1050	3	571	549	572
1051	3	551	573	550
1052	3	573	572	550
1053	3	552	574	551
1054	3	551	574	573
1055	3	552	575	574
1056	3	553	575	552
1057	3	576	575	553
1058	3	553	554	576
1059	3	554	570	576
1060	3	578	558	555
1061	3	555	559	578
1062	3	557	579	556
1063	3	556	579	577
1064	3	557	580	579
1065	3	558	580	557
1066	3	558	578	580
1067	3	561	582	559
1068	3	581	559	582
1069	3	578	559	581
1070	3	561	560	583
1071	3	560	565	583
1072	3	582	561	584
1073	3	583	584	561
1074	3	586	563	562
1075	3	571	585	562
1076	3	585	586	562
1077	3	563	587	588
1078	3	563	588	564
1079	3	586	587	563
1080	3	564	588	565
1081	3	589	583	565
1082	3	588	589	565
1083	3	566	590	591
1084	3	568	566	591
1085	3	567	592	569
1086	3	592	567	568
1087	3	568	591	592
1088	3	569	593	570
1089	3	593	569	592
1090	3	576	570	593
1091	3	572	594	571
1092	3	571	594	585
1093	3	595	572	573
1094	3	595	594	572
1095	3	596	573	574
1096	3	595	573	596
1097	3	575	597	574
1098	3	597	596	574
1099	3	575	598	597
1100	3	576	598	575
1101	3	576	593	598
1102	3	577	579	601
1103	3	601	600	577
1104	3	578	602	580
1105	3	578	581	602
1106	3	579	580	603
1107	3	579	603	601
1108	3	602	603	580
1109	3	606	581	582
1110	3	581	605	602
1111	3	606	605	581
1112	3	606	582	607
1113	3	584	607	582
1114	3	583	608	584
1115	3	583	589	608
1116	3	608	609	584
1117	3	584	609	607
1118	3	599	585	594
1119	3	610	586	585
1120	3	599	610	585
1121	3	586	610	611
1122	3	587	586	611
1123	3	587	613	588
1124	3	612	587	611
1125	3	613	587	612
1126	3	613	589	588
1127	3	589	614	608
1128	3	613	614	589
1129	3	590	616	591
1130	3	615	616	590
1131	3	592	591	617
1132	3	591	616	617
1133	3	592	618	593
1134	3	592	617	618
1135	3	598	593	618
1136	3	594	595	619
1137	3	619	599	594
1138	3	596	619	595
1139	3	619	596	620
1140	3	597	620	596
1141	3	620	597	621
1142	3	598	621	597
1143	3	621	598	618
1144	3	619	622	599
1145	3	622	610	599
1146	3	624	600	601
1147	3	624	604	600
1148	3	603	626	601
1149	3	601	626	624
1150	3	602	627	603
1151	3	625	627	602
1152	3	605	625	602
1153	3	603	627	626
1154	3	604	624	629
1155	3	629	628	604
1156	3	632	605	606
1157	3	625	605	631
1158	3	605	632	631
1159	3	606	607	632
1160	3	632	607	633
1161	3	609	633	607
1162	3	608	614	634
1163	3	634	609	608
1164	3	609	634	635
1165	3	633	609	635
1166	3	636	610	623
1167	3	610	636	611
1168	3	622	623	610
1169	3	611	636	612
1170	3	636	637	612
1171	3	637	613	612
1172	3	614	613	638
1173	3	638	613	637
1174	3	634	614	639
1175	3	638	639	614
1176	3	615	641	616
1177	3	615	640	641
1178	3	642	617	616
1179	3	616	641	642
1180	3	617	643	618
1181	3	617	642	643
1182	3	618	643	621
1183	3	619	644	622
1184	3	620	644	619
1185	3	644	620	645
1186	3	645	620	621
1187	3	645	621	643
1188	3	644	646	622
1189	3	622	646	623
1190	3	636	623	647
1191	3	647	623	646
1192	3	624	649	629
1193	3	649	624	626
1194	3	625	631	650
1195	3	625	650	627
1196	3	626	627	651
1197	3	626	651	649
1198	3	650	651	627
1199	3	653	628	629
1200	3	652	628	653
1201	3	649	654	629
1202	3	629	654	653
1203	3	659	630	655
1204	3	658	630	659
1205	3	661	631	632
1206	3	650	631	662
1207	3	631	661	662
1208	3	632	663	664
1209	3	663	632	633
1210	3	661	632	664
1211	3	635	665	633
1212	3	663	633	665
1213	3	666	635	634
1214	3	634	639	666
1215	3	635	667	665
1216	3	667	635	666
1217	3	637	636	668
1218	3	647	668	636
1219	3	637	669	638
1220	3	668	669	637
1221	3	670	639	638
1222	3	669	670	638
1223	3	666	639	670
1224	3	641	640	671
1225	3	671	640	648
1226	3	642	641	672
1227	3	672	641	671
1228	3	673	643	642
1229	3	642	672	673
1230	3	645	643	673
1231	3	644	674	646
1232	3	645	674	644
1233	3	673	674	645
1234	3	647	646	675
1235	3	675	646	674
1236	3	676	668	647
1237	3	676	647	675
1238	3	671	648	677
1239	3	651	678	649
1240	3	654	649	678
1241	3	650	679	651
1242	3	662	679	650
1243	3	678	651	680
1244	3	679	680	651
1245	3	681	656	652
1246	3	653	681	652
1247	3	654	682	653
1248	3	682	681	653
1249	3	683	654	678
1250	3	683	682	654
1251	3	655	684	659
1252	3	685	684	655
1253	3	655	656	685
1254	3	686	656	681
1255	3	656	686	685
1256	3	687	657	658
1257	3	660	657	687
1258	3	659	688	658
1259	3	687	658	688
1260	3	684	689	659
1261	3	659	689	688
1262	3	660	687	690
1263	3	661	691	662
1264	3	661	664	691
1265	3	679	662	692
1266	3	691	692	662
1267	3	663	665	693
1268	3	695	664	663
1269	3	693	695	663
1270	3	694	691	664
1271	3	694	664	695
1272	3	696	693	665
1273	3	667	696	665
1274	3	670	697	666
1275	3	666	697	667
1276	3	667	697	696
1277	3	668	676	698
1278	3	668	698	669
1279	3	670	669	698
1280	3	670	699	697
1281	3	670	698	699
1282	3	701	672	671
1283	3	700	701	671
1284	3	677	700	671
1285	3	673	672	701
1286	3	673	702	674
1287	3	673	701	702
1288	3	674	702	675
1289	3	675	703	676
1290	3	703	675	702
1291	3	703	704	676
1292	3	698	676	704
1293	3	677	706	700
1294	3	683	678	707
1295	3	680	707	678
1296	3	679	708	680
1297	3	708	679	692
1298	3	680	708	709
1299	3	707	680	709
1300	3	682	711	681
1301	3	681	711	686
1302	3	682	683	712
1303	3	712	711	682
1304	3	710	683	707
1305	3	712	683	710
1306	3	689	684	713
1307	3	684	685	713
1308	3	714	713	685
1309	3	714	685	686
1310	3	711	714	686
1311	3	715	687	688
1312	3	687	715	690
1313	3	688	689	715
1314	3	713	716	689
1315	3	689	716	715
1316	3	690	715	717
1317	3	691	718	692
1318	3	691	694	718
1319	3	719	708	692
1320	3	719	692	718
1321	3	720	693	696
1322	3	720	695	693
1323	3	694	695	722
1324	3	721	694	722
1325	3	718	694	721
1326	3	722	695	720
1327	3	696	697	723
1328	3	696	723	720
1329	3	723	697	724
1330	3	724	697	699
1331	3	726	699	698
1332	3	704	726	698
1333	3	725	724	699
1334	3	699	726	725
1335	3	700	728	701
1336	3	728	700	727
1337	3	706	727	700
1338	3	701	728	702
1339	3	702	729	703
1340	3	729	702	728
1341	3	704	703	705
1342	3	705	703	729
1343	3	730	726	704
1344	3	704	705	730
1345	3	730	705	731
1346	3	729	731	705
1347	3	727	706	732
1348	3	709	733	707
1349	3	710	707	733
1350	3	734	708	719
1351	3	708	734	709
1352	3	734	733	709
1353	3	710	733	736
1354	3	710	736	737
1355	3	710	737	712
1356	3	712	738	711
1357	3	711	738	714
1358	3	738	712	737
1359	3	739	713	714
1360	3	713	739	735
1361	3	713	735	716
1362	3	714	738	739
1363	3	715	740	717
1364	3	716	740	715
1365	3	735	740	716
1366	3	717	740	741
1367	3	719	718	742
1368	3	721	742	718
1369	3	734	719	742
1370	3	720	745	722
1371	3	723	744	720
1372	3	744	745	720
1373	3	722	746	721
1374	3	743	721	746
1375	3	743	742	721
1376	3	745	746	722
1377	3	747	744	723
1378	3	723	724	747
1379	3	725	747	724
1380	3	748	747	725
1381	3	725	726	748
1382	3	748	726	749
1383	3	730	749	726
1384	3	728	727	751
1385	3	727	750	751
1386	3	727	732	750
1387	3	729	728	751
1388	3	731	729	751
1389	3	749	730	752
1390	3	731	752	730
1391	3	751	752	731
1392	3	732	753	750
1393	3	754	736	733
1394	3	754	733	734
1395	3	754	734	755
1396	3	742	755	734
1397	3	735	739	756
1398	3	740	735	756
1399	3	736	754	757
1400	3	736	757	737
1401	3	757	758	737
1402	3	737	758	738
1403	3	739	738	758
1404	3	759	739	758
1405	3	759	756	739
1406	3	740	760	741
1407	3	740	756	760
1408	3	761	741	760
1409	3	755	742	762
1410	3	743	762	742
1411	3	763	743	746
1412	3	763	762	743
1413	3	744	764	745
1414	3	747	764	744
1415	3	746	745	765
1416	3	764	765	745
1417	3	765	763	746
1418	3	766	747	748
1419	3	764	747	766
1420	3	748	749	767
1421	3	767	766	748
1422	3	749	752	767
1423	3	750	753	768
1424	3	751	750	768
1425	3	769	751	768
1426	3	769	752	751
1427	3	769	767	752
1428	3	770	768	753
1429	3	771	754	755
1430	3	757	754	771
1431	3	771	755	762
1432	3	756	759	772
1433	3	756	772	760
1434	3	757	771	773
1435	3	773	758	757
1436	3	773	759	758
1437	3	772	759	773
1438	3	774	775	760
1439	3	774	760	772
1440	3	775	761	760
1441	3	771	762	776
1442	3	762	763	776
1443	3	777	776	763
1444	3	763	765	777
1445	3	764	766	778
1446	3	764	778	765
1447	3	778	777	765
1448	3	766	779	778
1449	3	766	767	779
1450	3	779	767	769
1451	3	769	768	780
1452	3	768	770	780
1453	3	780	779	769
1454	3	781	780	770
1455	3	782	771	776
1456	3	782	773	771
1457	3	772	782	774
1458	3	782	772	773
1459	3	783	784	774
1460	3	782	783	774
1461	3	784	775	774
1462	3	776	777	785
1463	3	782	776	785
1464	3	778	786	777
1465	3	785	777	786
1466	3	778	779	787
1467	3	786	778	787
1468	3	788	779	780
1469	3	779	788	787
1470	3	788	780	781
1471	3	781	789	788
1472	3	782	785	790
1473	3	790	783	782
1474	3	791	783	790
1475	3	791	784	783
1476	3	786	792	785
1477	3	785	792	790
1478	3	787	793	786
1479	3	786	793	792
1480	3	788	793	787
1481	3	794	793	788
1482	3	794	788	789
1483	3	790	792	795
1484	3	795	791	790
1485	3	796	792	793
1486	3	796	795	792
1487	3	793	794	796
1
28
28 0
656
652
628
604
600
577
556
534
511
486
461
436
409
386
361
335
309
283
258
234
210
187
164
140
119
97
76
59
0
0
